10100 0111
00100 0101
00011 1000
11100 0101
10100 0111
00010 0001
01101 0000
11011 1000
11100 0101
00001 0000
10111 0000
01110 0001
00011 1000
10011 0000
11111 0000
00100 0101
11111 0000
01000 0101
00100 0101
10111 0000
10110 0001
01111 1010
00010 0001
11101 0000
00100 0101
10110 0001
00101 0010
00001 0000
10110 0001
01001 1000
01010 0011
01111 1010
11010 0001
01110 0001
00101 0010
10011 0000
11100 0101
00001 0000
01101 0000
11111 0000
01000 0101
11100 0101
01110 0001
10111 0000
00110 1001
11111 0000
10011 0000
01000 0101
00001 0000
00000 1111
11010 0001
11011 1000
01001 1000
10100 0111
11101 0000
11000 1101
10010 1001
10001 0000
11101 0000
01101 0000
01000 0101
00011 1000
11001 0010
11110 1011
10001 0000
01000 0101
11000 1101
01111 1010
11011 1000
11100 0101
00101 0010
01010 0011
01111 1010
10000 0101
10011 0000
00110 1001
01100 1101
00000 1111
11110 1011
11000 1101
10010 1001
00101 0010
01001 1000
00111 0000
10101 1000
01011 0000
01110 0001
00011 1000
11001 0010
11000 1101
01010 0011
00101 0010
10011 0000
00100 0101
01001 1000
01000 0101
10110 0001
00100 0101
11000 1101
10000 0101
10010 1001
01110 0001
10110 0001
10000 0101
01010 0011
11101 0000
10010 1001
11111 0000
11011 1000
01010 0011
01011 0000
01111 1010
01000 0101
00010 0001
11111 0000
10010 1001
11101 0000
11101 0000
00001 0000
00001 0000
11001 0010
11010 0001
01001 1000
11001 0010
01001 1000
00011 1000
01000 0101
10111 0000
11101 0000
01011 0000
01100 1101
10101 1000
00100 0101
11001 0010
10100 0111
11100 0101
11111 0000
01010 0011
00001 0000
00010 0001
10010 1001
01100 1101
11011 1000
00101 0010
11110 1011
00101 0010
11110 1011
10001 0000
01111 1010
00101 0010